3
W0 8 3
0.59036183 0.39988622 0.6015611 0.3787762 -0.9685909 0.7785691 -0.05277768 0.8106645 0.92205626 0.23188569 -0.36823508 -0.4030425 0.06835763 -0.57846767 -0.9252057 -0.83975434 -0.90330374 -0.6989547 -0.15305595 0.07691171 -0.13663343 0.12586126 0.016468653 -0.1677009 
B0 8 1
-0.39591968 0.7261201 -0.27320346 -0.31839767 -0.6330129 -0.9327189 -0.39118963 -0.15778126 
W1 3 8
-0.09123546 0.2810122 -0.21185063 -0.13966067 -0.63443893 1.1204944 -1.7735721 2.6593795 -0.9283511 0.11608026 -0.79700226 -0.052971758 -0.10074834 0.827724 0.898936 0.45191577 0.17415941 -0.55914414 -0.7147681 0.5102107 0.88674754 -0.805693 0.80908054 -0.3358038 
B1 3 1
-0.5526596 -0.27063274 -0.76344615 
W2 1 3
-3.1106515 -0.1871046 0.3658849 
B2 1 1
0.97611934 
